470066982 255 0 0
470067110 255 0 0
470066985 255 0 0
470066985 255 0 0
470066985 255 0 0
470067180 255 0 0
470067180 255 0 0
470066986 255 0 0
470066986 255 0 0
470066986 255 0 0
470067113 255 0 0
470067113 255 0 0
470067048 255 0 0
470067048 255 0 0
470067109 255 0 0
470067188 255 0 0
470067109 255 0 0
470067109 255 0 0
470067110 255 0 0
470067110 255 0 0
470067017 255 0 0
470067017 255 0 0
470067076 255 0 0
470067017 255 0 0
470067172 255 0 0
470067076 255 0 0
470067014 255 0 0
470067172 255 0 0
470067152 255 0 0
470067152 255 0 0
470067052 255 0 0
470067052 255 0 0
470066981 255 0 0
470066981 255 0 0
470067088 255 0 0
470066981 255 0 0
470067088 255 0 0
470067144 255 0 0
470067144 255 0 0
470067018 255 0 0
470067018 255 0 0
470067018 255 0 0
470067114 255 0 0
470067114 255 0 0
470067114 255 0 0
470067113 255 0 0
470067140 255 0 0
470067044 255 0 0
470067140 255 0 0
470067184 255 0 0
470067184 255 0 0
470067080 255 0 0
470067080 255 0 0
470067176 255 0 0
470067176 255 0 0
470067014 255 0 0
470067014 255 0 0
470067013 255 0 0
470067084 255 0 0
470067084 255 0 0
470067013 255 0 0
470067013 255 0 0
470067148 255 0 0
470067148 255 0 0
470066982 255 0 0
470066982 255 0 0
470067044 255 0 0
470067188 255 0 0
470083366 0 255 0
470083494 0 255 0
470083369 0 255 0
470083369 0 255 0
470083369 0 255 0
470083564 0 255 0
470083564 0 255 0
470083370 0 255 0
470083370 0 255 0
470083370 0 255 0
470083497 0 255 0
470083497 0 255 0
470083432 0 255 0
470083432 0 255 0
470083493 0 255 0
470083572 0 255 0
470083493 0 255 0
470083493 0 255 0
470083494 0 255 0
470083494 0 255 0
470083401 0 255 0
470083401 0 255 0
470083460 0 255 0
470083401 0 255 0
470083556 0 255 0
470083460 0 255 0
470083398 0 255 0
470083556 0 255 0
470083536 0 255 0
470083536 0 255 0
470083436 0 255 0
470083436 0 255 0
470083365 0 255 0
470083365 0 255 0
470083472 0 255 0
470083365 0 255 0
470083472 0 255 0
470083528 0 255 0
470083528 0 255 0
470083402 0 255 0
470083402 0 255 0
470083402 0 255 0
470083498 0 255 0
470083498 0 255 0
470083498 0 255 0
470083497 0 255 0
470083524 0 255 0
470083428 0 255 0
470083524 0 255 0
470083568 0 255 0
470083568 0 255 0
470083464 0 255 0
470083464 0 255 0
470083560 0 255 0
470083560 0 255 0
470083398 0 255 0
470083398 0 255 0
470083397 0 255 0
470083468 0 255 0
470083468 0 255 0
470083397 0 255 0
470083397 0 255 0
470083532 0 255 0
470083532 0 255 0
470083366 0 255 0
470083366 0 255 0
470083428 0 255 0
470083572 0 255 0
470050342 0 0 255
470050470 0 0 255
470050345 0 0 255
470050345 0 0 255
470050345 0 0 255
470050540 0 0 255
470050540 0 0 255
470050346 0 0 255
470050346 0 0 255
470050346 0 0 255
470050473 0 0 255
470050473 0 0 255
470050408 0 0 255
470050408 0 0 255
470050469 0 0 255
470050548 0 0 255
470050469 0 0 255
470050469 0 0 255
470050470 0 0 255
470050470 0 0 255
470050377 0 0 255
470050377 0 0 255
470050436 0 0 255
470050377 0 0 255
470050532 0 0 255
470050436 0 0 255
470050374 0 0 255
470050532 0 0 255
470050512 0 0 255
470050512 0 0 255
470050412 0 0 255
470050412 0 0 255
470050341 0 0 255
470050341 0 0 255
470050448 0 0 255
470050341 0 0 255
470050448 0 0 255
470050504 0 0 255
470050504 0 0 255
470050378 0 0 255
470050378 0 0 255
470050378 0 0 255
470050474 0 0 255
470050474 0 0 255
470050474 0 0 255
470050473 0 0 255
470050500 0 0 255
470050404 0 0 255
470050500 0 0 255
470050544 0 0 255
470050544 0 0 255
470050440 0 0 255
470050440 0 0 255
470050536 0 0 255
470050536 0 0 255
470050374 0 0 255
470050374 0 0 255
470050373 0 0 255
470050444 0 0 255
470050444 0 0 255
470050373 0 0 255
470050373 0 0 255
470050508 0 0 255
470050508 0 0 255
470050342 0 0 255
470050342 0 0 255
470050404 0 0 255
470050548 0 0 255
470066726 255 255 0
470066854 255 255 0
470066729 255 255 0
470066729 255 255 0
470066729 255 255 0
470066924 255 255 0
470066924 255 255 0
470066730 255 255 0
470066730 255 255 0
470066730 255 255 0
470066857 255 255 0
470066857 255 255 0
470066792 255 255 0
470066792 255 255 0
470066853 255 255 0
470066932 255 255 0
470066853 255 255 0
470066853 255 255 0
470066854 255 255 0
470066854 255 255 0
470066761 255 255 0
470066761 255 255 0
470066820 255 255 0
470066761 255 255 0
470066916 255 255 0
470066820 255 255 0
470066758 255 255 0
470066916 255 255 0
470066896 255 255 0
470066896 255 255 0
470066796 255 255 0
470066796 255 255 0
470066725 255 255 0
470066725 255 255 0
470066832 255 255 0
470066725 255 255 0
470066832 255 255 0
470066888 255 255 0
470066888 255 255 0
470066762 255 255 0
470066762 255 255 0
470066762 255 255 0
470066858 255 255 0
470066858 255 255 0
470066858 255 255 0
470066857 255 255 0
470066884 255 255 0
470066788 255 255 0
470066884 255 255 0
470066928 255 255 0
470066928 255 255 0
470066824 255 255 0
470066824 255 255 0
470066920 255 255 0
470066920 255 255 0
470066758 255 255 0
470066758 255 255 0
470066757 255 255 0
470066828 255 255 0
470066828 255 255 0
470066757 255 255 0
470066757 255 255 0
470066892 255 255 0
470066892 255 255 0
470066726 255 255 0
470066726 255 255 0
470066788 255 255 0
470066932 255 255 0
