369136838 2
369136837 2
369136842 2
369136841 2
436248838 2
436248837 2
436248842 2
436248841 2
436248846 2
436248845 2
436248849 2
436248853 2
436248858 2
470050373 2
470050378 1
470050436 1
470050508 1
470050532 1
470066757 1
470066762 1
470066820 1
470066892 1
470066916 1
470083141 1
470083146 1
470083204 1
470083276 1
470083300 1
470078278 1
470078374 1
470078382 1
470094662 1
470094758 1
470111146 1
470111145 1
470131525 1
470132037 1
470132293 4
470132356 4
470132428 4
470132805 4
470132876 4
470132940 4
470128484 4
470128584 4
