470062468 0 255 0
470078856 0 255 0
470078852 0 255 0
470078789 0 255 0
470078889 0 255 0
470078885 0 255 0
470078890 0 255 0
470078893 0 255 0
470078894 0 255 0
470062510 0 255 0
470078952 0 255 0
470078956 0 255 0
470062405 0 255 0
470078948 0 255 0
470062536 0 255 0
470078758 0 255 0
470078757 0 255 0
470078960 0 255 0
470078964 0 255 0
470078820 0 255 0
470078824 0 255 0
470078886 0 255 0
470078916 0 255 0
470062502 0 255 0
470062374 0 255 0
470062572 0 255 0
470078790 0 255 0
470062476 0 255 0
470078924 0 255 0
470078920 0 255 0
470062436 0 255 0
470078860 0 255 0
470046152 0 0 255
470046156 0 0 255
470046148 0 0 255
470046125 0 0 255
470046126 0 0 255
470046121 0 0 255
470046122 0 0 255
470046192 0 0 255
470062406 0 0 255
470062580 0 0 255
470062472 0 0 255
470046021 0 0 255
470062505 0 0 255
470062506 0 0 255
470062509 0 0 255
470046118 0 0 255
470046117 0 0 255
470046056 0 0 255
470046052 0 0 255
470062440 0 0 255
470062532 0 0 255
470046092 0 0 255
470062540 0 0 255
470046088 0 0 255
470046084 0 0 255
470062501 0 0 255
470046022 0 0 255
470062564 0 0 255
470062568 0 0 255
470045990 0 0 255
470062373 0 0 255
470062576 0 0 255
470046180 0 0 255
470046184 0 0 255
470046188 0 0 255
470045989 0 0 255
470046196 0 0 255
470083276 255 0 0
470083145 255 0 0
470083146 255 0 0
470083141 255 0 0
470083142 255 0 0
470083280 255 0 0
470083268 255 0 0
470083241 255 0 0
470083272 255 0 0
470083180 255 0 0
470083242 255 0 0
470083312 255 0 0
470083316 255 0 0
470083300 255 0 0
470083304 255 0 0
470083308 255 0 0
470083237 255 0 0
470083238 255 0 0
470083208 255 0 0
470083204 255 0 0
470083114 255 0 0
470083113 255 0 0
470083110 255 0 0
470083216 255 0 0
470083212 255 0 0
470083109 255 0 0
470083176 255 0 0
470083172 255 0 0
