470148036 0 255 0
470115304 0 255 0
470180773 0 255 0
470127308 0 255 0
470160042 0 255 0
470148040 0 255 0
470180774 0 255 0
470094405 0 255 0
470094576 0 255 0
470115308 0 255 0
470160045 0 255 0
470180777 0 255 0
470148044 0 255 0
470164468 0 255 0
470164456 0 255 0
470115316 0 255 0
470110952 0 255 0
470094440 0 255 0
470049672 0 255 0
470176426 0 255 0
470176460 0 255 0
470045221 0 255 0
470176430 0 255 0
470045222 0 255 0
470164428 0 255 0
470049573 0 255 0
470049574 0 255 0
470065961 0 255 0
470065962 0 255 0
470082373 0 255 0
470082374 0 255 0
470082377 0 255 0
470065994 0 255 0
470127332 0 255 0
470131556 0 255 0
470131560 0 255 0
470115180 0 255 0
470049668 0 255 0
470098824 0 255 0
470164460 0 255 0
470082444 0 255 0
470066064 0 255 0
470065958 0 255 0
470160068 0 255 0
470066085 0 255 0
470098854 0 255 0
470082473 0 255 0
470180778 0 255 0
470082500 0 255 0
470115272 0 255 0
470082508 0 255 0
470049744 0 255 0
470148068 0 255 0
470164452 0 255 0
470131688 0 255 0
470131692 0 255 0
470131696 0 255 0
470131700 0 255 0
470160072 0 255 0
470180804 0 255 0
470148072 0 255 0
470180808 0 255 0
470127344 0 255 0
470148076 0 255 0
470180812 0 255 0
470049605 0 255 0
470164393 0 255 0
470049606 0 255 0
470143716 0 255 0
470061734 0 255 0
470082341 0 255 0
470082342 0 255 0
470176452 0 255 0
470082345 0 255 0
470176456 0 255 0
470131684 0 255 0
470164356 0 255 0
470045253 0 255 0
470143684 0 255 0
470077989 0 255 0
470077990 0 255 0
470061737 0 255 0
470143732 0 255 0
470065989 0 255 0
470065990 0 255 0
470160100 0 255 0
470065993 0 255 0
470143728 0 255 0
470160104 0 255 0
470180836 0 255 0
470176429 0 255 0
470180840 0 255 0
470061637 0 255 0
470160112 0 255 0
470180844 0 255 0
470148048 0 255 0
470160116 0 255 0
470078152 0 255 0
470180848 0 255 0
470049640 0 255 0
470127208 0 255 0
470147940 0 255 0
470180852 0 255 0
470049644 0 255 0
470082378 0 255 0
470176488 0 255 0
470061742 0 255 0
470176492 0 255 0
470094476 0 255 0
470045284 0 255 0
470078021 0 255 0
470115208 0 255 0
470115268 0 255 0
470078022 0 255 0
470160108 0 255 0
470078084 0 255 0
470045288 0 255 0
470176500 0 255 0
470098757 0 255 0
470164364 0 255 0
470066024 0 255 0
470098758 0 255 0
470098761 0 255 0
470143688 0 255 0
470066028 0 255 0
470098762 0 255 0
470176422 0 255 0
470164420 0 255 0
470061800 0 255 0
470061668 0 255 0
470176496 0 255 0
470110956 0 255 0
470094406 0 255 0
470082404 0 255 0
470061638 0 255 0
470115141 0 255 0
470082408 0 255 0
470115142 0 255 0
470049636 0 255 0
470094536 0 255 0
470049676 0 255 0
470045254 0 255 0
470115145 0 255 0
470127270 0 255 0
470115146 0 255 0
470049680 0 255 0
470045316 0 255 0
470078052 0 255 0
470110820 0 255 0
470164424 0 255 0
470061804 0 255 0
470045320 0 255 0
470066052 0 255 0
470110789 0 255 0
470110790 0 255 0
470098788 0 255 0
470045324 0 255 0
470110960 0 255 0
470061704 0 255 0
470131525 0 255 0
470098792 0 255 0
470131526 0 255 0
470066060 0 255 0
470131529 0 255 0
470078056 0 255 0
470098796 0 255 0
470131530 0 255 0
470148005 0 255 0
470045350 0 255 0
470176425 0 255 0
470078122 0 255 0
470127277 0 255 0
470160046 0 255 0
470049701 0 255 0
470160076 0 255 0
470049702 0 255 0
470082436 0 255 0
470115172 0 255 0
470049705 0 255 0
470061708 0 255 0
470049706 0 255 0
470115176 0 255 0
470110948 0 255 0
470143720 0 255 0
470094572 0 255 0
470094580 0 255 0
470045349 0 255 0
470082448 0 255 0
470061605 0 255 0
470061606 0 255 0
470127173 0 255 0
470127174 0 255 0
470094436 0 255 0
470061672 0 255 0
470045353 0 255 0
470061700 0 255 0
470045354 0 255 0
470110856 0 255 0
470078092 0 255 0
470066086 0 255 0
470098820 0 255 0
470176421 0 255 0
470160038 0 255 0
470160041 0 255 0
470127274 0 255 0
470078125 0 255 0
470078126 0 255 0
470066056 0 255 0
470078148 0 255 0
470127304 0 255 0
470045388 0 255 0
470065957 0 255 0
470045357 0 255 0
470176484 0 255 0
470094568 0 255 0
470143724 0 255 0
470061808 0 255 0
470110964 0 255 0
470049577 0 255 0
470049578 0 255 0
470045358 0 255 0
470066090 0 255 0
470164432 0 255 0
470143592 0 255 0
470098828 0 255 0
470049609 0 255 0
470049610 0 255 0
470164324 0 255 0
470131564 0 255 0
470078180 0 255 0
470061733 0 255 0
470094468 0 255 0
470049732 0 255 0
470127204 0 255 0
470127336 0 255 0
470082469 0 255 0
470082412 0 255 0
470049736 0 255 0
470082470 0 255 0
470115204 0 255 0
470061741 0 255 0
470082474 0 255 0
470180740 0 255 0
470082440 0 255 0
470110916 0 255 0
470147944 0 255 0
470098832 0 255 0
470115212 0 255 0
470045380 0 255 0
470147948 0 255 0
470078117 0 255 0
470098857 0 255 0
470115242 0 255 0
470115216 0 255 0
470045384 0 255 0
470110852 0 255 0
470066116 0 255 0
470143588 0 255 0
470078121 0 255 0
470098853 0 255 0
470131588 0 255 0
470066120 0 255 0
470127340 0 255 0
470049740 0 255 0
470066128 0 255 0
470110860 0 255 0
470066124 0 255 0
470131592 0 255 0
470164328 0 255 0
470066089 0 255 0
470066020 0 255 0
470131596 0 255 0
470061764 0 255 0
470049764 0 255 0
470094501 0 255 0
470131600 0 255 0
470061768 0 255 0
470094502 0 255 0
470127236 0 255 0
470049768 0 255 0
470094505 0 255 0
470164332 0 255 0
470115237 0 255 0
470094506 0 255 0
470127240 0 255 0
470082504 0 255 0
470147972 0 255 0
470159976 0 255 0
470049772 0 255 0
470094510 0 255 0
470127244 0 255 0
470147976 0 255 0
470049776 0 255 0
470098932 0 255 0
470082512 0 255 0
470147980 0 255 0
470110924 0 255 0
470049780 0 255 0
470045416 0 255 0
470066148 0 255 0
470110885 0 255 0
470147984 0 255 0
470110886 0 255 0
470143620 0 255 0
470098884 0 255 0
470045420 0 255 0
470066152 0 255 0
470110889 0 255 0
470078156 0 255 0
470110890 0 255 0
470143624 0 255 0
470098888 0 255 0
470131622 0 255 0
470045424 0 255 0
470066156 0 255 0
470110893 0 255 0
470078192 0 255 0
470131625 0 255 0
470110894 0 255 0
470143628 0 255 0
470098892 0 255 0
470131626 0 255 0
470164360 0 255 0
470045428 0 255 0
470066160 0 255 0
470061796 0 255 0
470127348 0 255 0
470098896 0 255 0
470094532 0 255 0
470061772 0 255 0
470066164 0 255 0
470148080 0 255 0
470082532 0 255 0
470127269 0 255 0
470164368 0 255 0
470160004 0 255 0
470115238 0 255 0
470082536 0 255 0
470127273 0 255 0
470164390 0 255 0
470094540 0 255 0
470160008 0 255 0
470148006 0 255 0
470082540 0 255 0
470164394 0 255 0
470148009 0 255 0
470127278 0 255 0
470160012 0 255 0
470115276 0 255 0
470148010 0 255 0
470180744 0 255 0
470180816 0 255 0
470061812 0 255 0
470082544 0 255 0
470115280 0 255 0
470180748 0 255 0
470094509 0 255 0
470082548 0 255 0
470078184 0 255 0
470098916 0 255 0
470078088 0 255 0
470143653 0 255 0
470180752 0 255 0
470110920 0 255 0
470115241 0 255 0
470143654 0 255 0
470176388 0 255 0
470131652 0 255 0
470148084 0 255 0
470143692 0 255 0
470078188 0 255 0
470098920 0 255 0
470143657 0 255 0
470164389 0 255 0
470115312 0 255 0
470143658 0 255 0
470176392 0 255 0
470131656 0 255 0
470098924 0 255 0
470143661 0 255 0
470098858 0 255 0
470061738 0 255 0
470143662 0 255 0
470176396 0 255 0
470131660 0 255 0
470078196 0 255 0
470110824 0 255 0
470098928 0 255 0
470127300 0 255 0
470094564 0 255 0
470082346 0 255 0
470131664 0 255 0
470159972 0 255 0
470045412 0 255 0
470115300 0 255 0
470094472 0 255 0
470160037 0 255 0
470143944 0 0 255
470164676 0 0 255
470066308 0 0 255
470111208 0 0 255
470176682 0 0 255
470164684 0 0 255
470078444 0 0 255
470066214 0 0 255
470160324 0 0 255
470066218 0 0 255
470082788 0 0 255
470127534 0 0 255
470127600 0 0 255
470148332 0 0 255
470061861 0 0 255
470148336 0 0 255
470049862 0 0 255
470049892 0 0 255
470176708 0 0 255
470078412 0 0 255
470160328 0 0 255
470143976 0 0 255
470082597 0 0 255
470082598 0 0 255
470066217 0 0 255
470082602 0 0 255
470164720 0 0 255
470049861 0 0 255
470066246 0 0 255
470099017 0 0 255
470049866 0 0 255
470164712 0 0 255
470099044 0 0 255
470148200 0 0 255
470131820 0 0 255
470099076 0 0 255
470115464 0 0 255
470099084 0 0 255
470099088 0 0 255
470115493 0 0 255
470099110 0 0 255
470082729 0 0 255
470066346 0 0 255
470181060 0 0 255
470143984 0 0 255
470181064 0 0 255
470181068 0 0 255
470099152 0 0 255
470131940 0 0 255
470131944 0 0 255
470131948 0 0 255
470131952 0 0 255
470131956 0 0 255
470078245 0 0 255
470078246 0 0 255
470160356 0 0 255
470143880 0 0 255
470127529 0 0 255
470066249 0 0 255
470066250 0 0 255
470160360 0 0 255
470066372 0 0 255
470160364 0 0 255
470181096 0 0 255
470061893 0 0 255
470160368 0 0 255
470061894 0 0 255
470181100 0 0 255
470160372 0 0 255
470082629 0 0 255
470181104 0 0 255
470049896 0 0 255
470082630 0 0 255
470176740 0 0 255
470082796 0 0 255
470078377 0 0 255
470164612 0 0 255
470082633 0 0 255
470181108 0 0 255
470099109 0 0 255
470049900 0 0 255
470082634 0 0 255
470127533 0 0 255
470111112 0 0 255
470066376 0 0 255
470176748 0 0 255
470176752 0 0 255
470045544 0 0 255
470078278 0 0 255
470094692 0 0 255
470176756 0 0 255
470099013 0 0 255
470164688 0 0 255
470099014 0 0 255
470143848 0 0 255
470094758 0 0 255
470078381 0 0 255
470066284 0 0 255
470099018 0 0 255
470164580 0 0 255
470049958 0 0 255
470094792 0 0 255
470061924 0 0 255
470082692 0 0 255
470049924 0 0 255
470094661 0 0 255
470099114 0 0 255
470061928 0 0 255
470045540 0 0 255
470094662 0 0 255
470143980 0 0 255
470148324 0 0 255
470094728 0 0 255
470049928 0 0 255
470115397 0 0 255
470094696 0 0 255
470115398 0 0 255
470049932 0 0 255
470115401 0 0 255
470115428 0 0 255
470115402 0 0 255
470049936 0 0 255
470160260 0 0 255
470164584 0 0 255
470078404 0 0 255
470061964 0 0 255
470078440 0 0 255
470045576 0 0 255
470111045 0 0 255
470099172 0 0 255
470078312 0 0 255
470111046 0 0 255
470066384 0 0 255
470045580 0 0 255
470066312 0 0 255
470131781 0 0 255
470099048 0 0 255
470131782 0 0 255
470066276 0 0 255
470066316 0 0 255
470131785 0 0 255
470099052 0 0 255
470066320 0 0 255
470115432 0 0 255
470061956 0 0 255
470160332 0 0 255
470049957 0 0 255
470061960 0 0 255
470050020 0 0 255
470127429 0 0 255
470127430 0 0 255
470049961 0 0 255
470049962 0 0 255
470082700 0 0 255
470115436 0 0 255
470066280 0 0 255
470045605 0 0 255
470082704 0 0 255
470111180 0 0 255
470045606 0 0 255
470143914 0 0 255
470045609 0 0 255
470045610 0 0 255
470078344 0 0 255
470066342 0 0 255
470164646 0 0 255
470066345 0 0 255
470045614 0 0 255
470078348 0 0 255
470099080 0 0 255
470062028 0 0 255
470094724 0 0 255
470061994 0 0 255
470082726 0 0 255
470045478 0 0 255
470061997 0 0 255
470061998 0 0 255
470094732 0 0 255
470049996 0 0 255
470082730 0 0 255
470045477 0 0 255
470061862 0 0 255
470078277 0 0 255
470045510 0 0 255
470181072 0 0 255
470160228 0 0 255
470111080 0 0 255
470078340 0 0 255
470176648 0 0 255
470143884 0 0 255
470045509 0 0 255
470176677 0 0 255
470176678 0 0 255
470176681 0 0 255
470094762 0 0 255
470176685 0 0 255
470176686 0 0 255
470066341 0 0 255
470094788 0 0 255
470176712 0 0 255
470143948 0 0 255
470094765 0 0 255
470127588 0 0 255
470127592 0 0 255
470111212 0 0 255
470111216 0 0 255
470111220 0 0 255
470078373 0 0 255
470115472 0 0 255
470045640 0 0 255
470078374 0 0 255
470111108 0 0 255
470111076 0 0 255
470127464 0 0 255
470078378 0 0 255
470131844 0 0 255
470099113 0 0 255
470078382 0 0 255
470111116 0 0 255
470131848 0 0 255
470176652 0 0 255
470131852 0 0 255
470050032 0 0 255
470062020 0 0 255
470045613 0 0 255
470131812 0 0 255
470164588 0 0 255
470061989 0 0 255
470061990 0 0 255
470045668 0 0 255
470094757 0 0 255
470131856 0 0 255
470143917 0 0 255
470143918 0 0 255
470127492 0 0 255
470082756 0 0 255
470050024 0 0 255
470094824 0 0 255
470094761 0 0 255
470127496 0 0 255
470045636 0 0 255
470082760 0 0 255
470115494 0 0 255
470148228 0 0 255
470160232 0 0 255
470050028 0 0 255
470082768 0 0 255
470115497 0 0 255
470164650 0 0 255
470094766 0 0 255
470127500 0 0 255
470082764 0 0 255
470115498 0 0 255
470148232 0 0 255
470143972 0 0 255
470176744 0 0 255
470127596 0 0 255
470148236 0 0 255
470082660 0 0 255
470078448 0 0 255
470082696 0 0 255
470127604 0 0 255
470050036 0 0 255
470127560 0 0 255
470066404 0 0 255
470111141 0 0 255
470148240 0 0 255
470078408 0 0 255
470111142 0 0 255
470099140 0 0 255
470131816 0 0 255
470045672 0 0 255
470045676 0 0 255
470176716 0 0 255
470066408 0 0 255
470131877 0 0 255
470131878 0 0 255
470045680 0 0 255
470066412 0 0 255
470066213 0 0 255
470082601 0 0 255
470131881 0 0 255
470049834 0 0 255
470111150 0 0 255
470099148 0 0 255
470131882 0 0 255
470164616 0 0 255
470045684 0 0 255
470066416 0 0 255
470164620 0 0 255
470066245 0 0 255
470164716 0 0 255
470049865 0 0 255
470066420 0 0 255
470062056 0 0 255
470143876 0 0 255
470127525 0 0 255
470127526 0 0 255
470127564 0 0 255
470115524 0 0 255
470062060 0 0 255
470082792 0 0 255
470082664 0 0 255
470094836 0 0 255
470148261 0 0 255
470148204 0 0 255
470094796 0 0 255
470127530 0 0 255
470160264 0 0 255
470115528 0 0 255
470148262 0 0 255
470180996 0 0 255
470062064 0 0 255
470148265 0 0 255
470160268 0 0 255
470115532 0 0 255
470148266 0 0 255
470181000 0 0 255
470094832 0 0 255
470062068 0 0 255
470115468 0 0 255
470082800 0 0 255
470078436 0 0 255
470164624 0 0 255
470111145 0 0 255
470115536 0 0 255
470181004 0 0 255
470111172 0 0 255
470143988 0 0 255
470082804 0 0 255
470049988 0 0 255
470143909 0 0 255
470181034 0 0 255
470143844 0 0 255
470181008 0 0 255
470111176 0 0 255
470143910 0 0 255
470176644 0 0 255
470111146 0 0 255
470131908 0 0 255
470082668 0 0 255
470099144 0 0 255
470099176 0 0 255
470143913 0 0 255
470164645 0 0 255
470131912 0 0 255
470164680 0 0 255
470066380 0 0 255
470099180 0 0 255
470050000 0 0 255
470164649 0 0 255
470131916 0 0 255
470127460 0 0 255
470078452 0 0 255
470099184 0 0 255
470164708 0 0 255
470061993 0 0 255
470094820 0 0 255
470148328 0 0 255
470131920 0 0 255
470127556 0 0 255
470045572 0 0 255
470148340 0 0 255
470082725 0 0 255
470099188 0 0 255
470115568 0 0 255
470111149 0 0 255
470115556 0 0 255
470160293 0 0 255
470160294 0 0 255
470148292 0 0 255
470049992 0 0 255
470094828 0 0 255
470062024 0 0 255
470115560 0 0 255
470164724 0 0 255
470160297 0 0 255
470181029 0 0 255
470115460 0 0 255
470160298 0 0 255
470148296 0 0 255
470181030 0 0 255
470115564 0 0 255
470160301 0 0 255
470181033 0 0 255
470160302 0 0 255
470181092 0 0 255
470148300 0 0 255
470045644 0 0 255
470111204 0 0 255
470049829 0 0 255
470148304 0 0 255
470078308 0 0 255
470049830 0 0 255
470143940 0 0 255
470115572 0 0 255
470148196 0 0 255
470049833 0 0 255
470062052 0 0 255
470164836 255 0 0
470115684 255 0 0
470148584 255 0 0
470164844 255 0 0
470127848 255 0 0
470148588 255 0 0
470050192 255 0 0
470144228 255 0 0
470094952 255 0 0
470181328 255 0 0
470050122 255 0 0
470082981 255 0 0
470164964 255 0 0
470164905 255 0 0
470164872 255 0 0
470160584 255 0 0
470127752 255 0 0
470082858 255 0 0
470176968 255 0 0
470050217 255 0 0
470164968 255 0 0
470164840 255 0 0
470176972 255 0 0
470181316 255 0 0
470050248 255 0 0
470045765 255 0 0
470144240 255 0 0
470164972 255 0 0
470050256 255 0 0
470062308 255 0 0
470078501 255 0 0
470160612 255 0 0
470066668 255 0 0
470164976 255 0 0
470083060 255 0 0
470066505 255 0 0
470111432 255 0 0
470181348 255 0 0
470148484 255 0 0
470144196 255 0 0
470181352 255 0 0
470160588 255 0 0
470078696 255 0 0
470050276 255 0 0
470181356 255 0 0
470082853 255 0 0
470082854 255 0 0
470066473 255 0 0
470066474 255 0 0
470066501 255 0 0
470050118 255 0 0
470050121 255 0 0
470066506 255 0 0
470050152 255 0 0
470050148 255 0 0
470176996 255 0 0
470115688 255 0 0
470148460 255 0 0
470082948 255 0 0
470066568 255 0 0
470181260 255 0 0
470099344 255 0 0
470050218 255 0 0
470181285 255 0 0
470082982 255 0 0
470099269 255 0 0
470099369 255 0 0
470099370 255 0 0
470062280 255 0 0
470099396 255 0 0
470181320 255 0 0
470181324 255 0 0
470099408 255 0 0
470050156 255 0 0
470177000 255 0 0
470099428 255 0 0
470066664 255 0 0
470115820 255 0 0
470148592 255 0 0
470181364 255 0 0
470066536 255 0 0
470164901 255 0 0
470099270 255 0 0
470177004 255 0 0
470045796 255 0 0
470082952 255 0 0
470078533 255 0 0
470177008 255 0 0
470045800 255 0 0
470078534 255 0 0
470066532 255 0 0
470160484 255 0 0
470050117 255 0 0
470082960 255 0 0
470095017 255 0 0
470099273 255 0 0
470127860 255 0 0
470115828 255 0 0
470066540 255 0 0
470099274 255 0 0
470078596 255 0 0
470115749 255 0 0
470062284 255 0 0
470144173 255 0 0
470095018 255 0 0
470094917 255 0 0
470144174 255 0 0
470062184 255 0 0
470094918 255 0 0
470082916 255 0 0
470115654 255 0 0
470078708 255 0 0
470050188 255 0 0
470115657 255 0 0
470160488 255 0 0
470066597 255 0 0
470082924 255 0 0
470115658 255 0 0
470099440 255 0 0
470078600 255 0 0
470115753 255 0 0
470078564 255 0 0
470160554 255 0 0
470066598 255 0 0
470066601 255 0 0
470045832 255 0 0
470099332 255 0 0
470111301 255 0 0
470144232 255 0 0
470078568 255 0 0
470111302 255 0 0
470099300 255 0 0
470115754 255 0 0
470045836 255 0 0
470082857 255 0 0
470132037 255 0 0
470132176 255 0 0
470099304 255 0 0
470132038 255 0 0
470111336 255 0 0
470066572 255 0 0
470132041 255 0 0
470181264 255 0 0
470099308 255 0 0
470132042 255 0 0
470160620 255 0 0
470066576 255 0 0
470062212 255 0 0
470094948 255 0 0
470050180 255 0 0
470148596 255 0 0
470095080 255 0 0
470062216 255 0 0
470050214 255 0 0
470127685 255 0 0
470127686 255 0 0
470095022 255 0 0
470115812 255 0 0
470062220 255 0 0
470083024 255 0 0
470082956 255 0 0
470115692 255 0 0
470045861 255 0 0
470045862 255 0 0
470132072 255 0 0
470111332 255 0 0
470132208 255 0 0
470045865 255 0 0
470045866 255 0 0
470050184 255 0 0
470066660 255 0 0
470132068 255 0 0
470095084 255 0 0
470045869 255 0 0
470045870 255 0 0
470078604 255 0 0
470066602 255 0 0
470099336 255 0 0
470115816 255 0 0
470099340 255 0 0
470115653 255 0 0
470078664 255 0 0
470148496 255 0 0
470132076 255 0 0
470160553 255 0 0
470144200 255 0 0
470082920 255 0 0
470144132 255 0 0
470050244 255 0 0
470111464 255 0 0
470115716 255 0 0
470148452 255 0 0
470082985 255 0 0
470094988 255 0 0
470050252 255 0 0
470082986 255 0 0
470115720 255 0 0
470148456 255 0 0
470115724 255 0 0
470144244 255 0 0
470078629 255 0 0
470115728 255 0 0
470066502 255 0 0
470066628 255 0 0
470160557 255 0 0
470144100 255 0 0
470144136 255 0 0
470078633 255 0 0
470066632 255 0 0
470144104 255 0 0
470078637 255 0 0
470066636 255 0 0
470132104 255 0 0
470066640 255 0 0
470132108 255 0 0
470062276 255 0 0
470045828 255 0 0
470095014 255 0 0
470127748 255 0 0
470062117 255 0 0
470078502 255 0 0
470083012 255 0 0
470062149 255 0 0
470045766 255 0 0
470127716 255 0 0
470050280 255 0 0
470127720 255 0 0
470094980 255 0 0
470094984 255 0 0
470164980 255 0 0
470111372 255 0 0
470083016 255 0 0
470062245 255 0 0
470062246 255 0 0
470115750 255 0 0
470062249 255 0 0
470062250 255 0 0
470111405 255 0 0
470078638 255 0 0
470176964 255 0 0
470045896 255 0 0
470045900 255 0 0
470144140 255 0 0
470160616 255 0 0
470050284 255 0 0
470132112 255 0 0
470045924 255 0 0
470045928 255 0 0
470127852 255 0 0
470127856 255 0 0
470095021 255 0 0
470177012 255 0 0
470111468 255 0 0
470127756 255 0 0
470083020 255 0 0
470148488 255 0 0
470050288 255 0 0
470045940 255 0 0
470144166 255 0 0
470148492 255 0 0
470078660 255 0 0
470050292 255 0 0
470111397 255 0 0
470111398 255 0 0
470160558 255 0 0
470045932 255 0 0
470066564 255 0 0
470132133 255 0 0
470078668 255 0 0
470111402 255 0 0
470099400 255 0 0
470132134 255 0 0
470164868 255 0 0
470045936 255 0 0
470132137 255 0 0
470111406 255 0 0
470099404 255 0 0
470132138 255 0 0
470111436 255 0 0
470066672 255 0 0
470164876 255 0 0
470095044 255 0 0
470160624 255 0 0
470066676 255 0 0
470083044 255 0 0
470127781 255 0 0
470095048 255 0 0
470127782 255 0 0
470160516 255 0 0
470083048 255 0 0
470062312 255 0 0
470148517 255 0 0
470127786 255 0 0
470148518 255 0 0
470083052 255 0 0
470062118 255 0 0
470127789 255 0 0
470148521 255 0 0
470127790 255 0 0
470115788 255 0 0
470148522 255 0 0
470181256 255 0 0
470083056 255 0 0
470078692 255 0 0
470176908 255 0 0
470115792 255 0 0
470111428 255 0 0
470062150 255 0 0
470144236 255 0 0
470164880 255 0 0
470176937 255 0 0
470144165 255 0 0
470095076 255 0 0
470176900 255 0 0
470132212 255 0 0
470095092 255 0 0
470132164 255 0 0
470115780 255 0 0
470144170 255 0 0
470062180 255 0 0
470144204 255 0 0
470099432 255 0 0
470144169 255 0 0
470176904 255 0 0
470132168 255 0 0
470164902 255 0 0
470062316 255 0 0
470099436 255 0 0
470111364 255 0 0
470132172 255 0 0
470164906 255 0 0
470111368 255 0 0
470111472 255 0 0
470082885 255 0 0
470127812 255 0 0
470127785 255 0 0
470099444 255 0 0
470095013 255 0 0
470078630 255 0 0
470111401 255 0 0
470160549 255 0 0
470062253 255 0 0
470062254 255 0 0
470127816 255 0 0
470078704 255 0 0
470160550 255 0 0
470095052 255 0 0
470148548 255 0 0
470082886 255 0 0
470181360 255 0 0
470160520 255 0 0
470115784 255 0 0
470127820 255 0 0
470045892 255 0 0
470148552 255 0 0
470181286 255 0 0
470181252 255 0 0
470181289 255 0 0
470148556 255 0 0
470181290 255 0 0
470115824 255 0 0
470111460 255 0 0
470078700 255 0 0
470148560 255 0 0
470095088 255 0 0
470050086 255 0 0
470111476 255 0 0
470062320 255 0 0
470132196 255 0 0
470099365 255 0 0
470160628 255 0 0
470176933 255 0 0
470050090 255 0 0
470176934 255 0 0
470078634 255 0 0
470164932 255 0 0
470132200 255 0 0
470099366 255 0 0
470176938 255 0 0
470164936 255 0 0
470132100 255 0 0
470132204 255 0 0
470050085 255 0 0
470160524 255 0 0
470176941 255 0 0
470050089 255 0 0
470045733 255 0 0
470176942 255 0 0
470045734 255 0 0
470164940 255 0 0
470127844 255 0 0
470062324 255 0 0
470066469 255 0 0
470164944 255 0 0
470066470 255 0 0
470160580 255 0 0
470082889 255 0 0
470082890 255 0 0
470050213 255 0 0
470148580 255 0 0
